18 165 1 180 174 33
5 167 6 183 184 20
6 164 7 186 187 21
6 167 36 184 190 189
7 169 8 191 192 22
8 162 9 194 195 23
8 169 39 192 198 197
9 171 10 199 200 24
10 160 11 202 203 25
10 171 42 200 206 205
11 173 12 207 208 26
11 160 43 203 209 210
12 159 13 212 213 27
12 173 45 208 216 215
13 172 14 217 218 28
13 159 46 213 219 220
14 161 15 222 223 29
14 172 161 218 224 222
15 170 16 225 226 30
15 161 49 223 227 228
16 163 17 230 231 31
16 170 163 226 232 230
17 168 18 233 234 32
17 163 52 231 235 236
18 168 165 234 238 180
3 78 301 81 311 312
3 102 300 124 314 309
18 520 1 526 527 33
125 521 1 529 524 127
4 522 126 530 531 129
126 523 4 532 533 129
130 522 4 534 530 144
4 523 143 533 535 158
5 505 6 536 537 20
5 521 505 525 538 536
6 497 7 539 540 21
6 505 497 537 541 539
7 519 8 542 543 22
497 519 7 544 542 540
8 518 9 545 546 23
512 518 8 547 545 548
8 519 512 543 549 548
9 502 10 550 551 24
9 518 502 546 552 550
10 496 11 553 554 25
10 502 496 551 555 553
11 508 12 556 557 26
496 508 11 558 556 554
12 498 13 559 560 27
12 508 498 557 561 559
13 517 14 562 563 28
498 517 13 564 562 560
14 499 15 565 566 29
14 517 499 563 567 565
15 509 16 568 569 30
499 509 15 570 568 566
16 495 17 571 572 31
16 509 495 569 573 571
17 504 18 574 575 32
495 504 17 576 574 572
504 520 18 577 526 575
125 491 126 578 579 128
126 492 125 580 581 128
125 520 491 528 582 578
492 521 125 583 529 581
491 523 126 584 532 579
126 522 492 531 585 580
131 506 130 586 587 145
506 522 130 588 534 587
132 516 131 589 590 146
131 516 506 590 591 586
133 503 132 592 593 147
503 516 132 594 589 593
134 494 133 595 596 148
494 503 133 597 592 596
135 515 134 598 599 149
134 515 494 599 600 595
136 513 135 601 602 150
513 515 135 603 598 602
137 500 136 604 605 151
500 513 136 606 601 605
138 510 137 607 608 152
137 510 500 608 609 604
139 493 138 610 611 153
493 510 138 612 607 611
140 511 139 613 614 154
139 511 493 614 615 610
141 501 140 616 617 155
501 511 140 618 613 617
142 514 141 619 620 156
141 514 501 620 621 616
143 507 142 622 623 157
507 514 142 624 619 623
143 523 507 535 625 622
504 507 491 626 627 628
491 520 504 582 577 628
507 523 491 625 584 627
492 506 505 629 630 631
505 521 492 538 583 631
492 522 506 585 588 629
498 510 493 632 612 633
493 517 498 634 564 633
493 511 499 615 635 636
499 517 493 567 634 636
494 515 502 600 637 638
502 518 494 552 639 638
494 512 503 640 641 597
494 518 512 639 547 640
495 509 501 573 642 643
501 514 495 621 644 643
495 514 504 644 645 576
500 508 496 646 558 647
496 513 500 648 606 647
502 513 496 649 648 555
497 516 503 650 594 651
503 519 497 652 544 651
505 516 497 653 650 541
498 508 500 561 646 654
500 510 498 609 632 654
501 509 499 642 570 655
499 511 501 635 618 655
502 515 513 637 603 649
512 519 503 549 652 641
504 514 507 645 624 626
506 516 505 591 653 630
4 662 3 671 672 673
3 663 4 674 675 673
3 662 102 672 677 124
4 663 130 675 678 144
143 662 4 679 671 158
131 664 84 688 683 687
133 666 87 697 692 696
135 668 90 706 701 705
136 657 91 709 702 710
137 670 93 717 712 716
138 656 94 720 713 721
140 658 97 729 724 730
142 660 100 738 733 739
130 664 131 743 688 145
131 661 132 686 744 146
132 666 133 745 697 147
133 659 134 695 746 148
134 668 135 747 706 149
135 657 136 704 709 150
136 670 137 711 717 151
137 656 138 715 720 152
138 669 139 722 748 153
139 658 140 749 729 154
139 669 658 748 726 749
140 667 141 731 750 155
141 660 142 751 738 156
141 667 660 750 735 751
142 665 143 740 752 157
143 665 662 752 742 679
