4 62
5 61
6 66
7 65
10 64
12 63
24 106
34 96
35 99
37 45
41 121
47 94
48 112
49 114
58 97
59 109
68 135
69 110
70 113
81 100
82 102
84 122
87 123
89 74
99 90
102 124
111 59
113 76
114 49
117 104
119 101
122 116
123 118
126 53
127 86
130 84
138 15
140 25
142 105
143 88
146 119
147 136
154 51
158 115
162 80
164 72
166 95
168 11
169 92
175 98
177 70
178 103
179 17
185 78
187 126
188 125
191 111
194 82
195 108
203 36
210 55
229 47
232 21
239 133
247 153
249 131
251 137
253 151
262 13
266 134
270 148
279 68
285 93
289 9
291 19
296 130
306 24
307 57
309 38
310 3
332 6
333 132
338 60
340 34
349 29
351 30
353 41
371 40
372 43
378 28
398 73
398 141
399 2
399 35
400 8
400 44
401 12
401 48
403 7
403 42
404 71
404 140
407 20
407 56
408 16
408 52
409 77
409 143
410 22
410 58
411 1
411 33
413 26
413 127
414 83
414 146
415 87
415 149
417 89
417 150
419 5
419 39
424 4
424 37
425 69
425 139
426 31
426 128
427 32
427 129
428 81
428 145
431 91
431 152
432 67
432 138
433 0
433 27
434 79
434 144
435 85
435 147
436 75
436 142
437 18
437 54
438 14
438 50
439 10
439 46
449 23
453 120
454 117
462 107
