0
512
513
3
4
5
6
7
8
9
10
11
12
13
14
15
16
17
18
19
20
21
22
23
24
25
26
27
28
29
30
31
32
514
515
538
539
516
541
542
543
544
517
546
547
548
549
518
551
552
553
554
519
556
557
558
559
520
561
562
563
564
521
566
567
568
569
522
571
572
573
574
523
576
577
578
579
524
581
582
583
584
525
586
587
588
589
526
591
592
593
594
527
596
597
598
599
528
601
602
603
604
529
606
607
608
609
530
611
534
613
614
531
616
617
618
615
532
621
622
623
624
533
626
124
125
126
127
128
129
130
131
132
133
134
135
136
137
138
139
140
141
142
143
144
145
146
147
148
149
150
151
152
153
154
155
156
157
535
540
636
637
641
642
643
644
536
645
638
646
545
647
648
649
537
650
639
651
612
550
652
653
619
632
654
635
555
640
620
560
633
565
570
575
580
625
585
634
630
590
627
595
628
600
629
610
631
605
490
491
492
493
494
495
496
497
498
499
500
501
502
503
504
505
506
507
508
509
510
511
